139
97
106
53
107
145
164
80
78
82
99
179
83
30
80
137
139
34
159
113
43
107
69
65
167
86
150
53
70
136
154
21
111
147
112
128
116
99
135
148
81
107
87
113
64
121
111
89
83
63
53
80
79
93
108
90
106
103
136
56
149
128
107
105
139
34
59
107
134
47
100
114
151
101
119
63
44
36
113
135
179
150
134
149
128
75
72
112
64
126
97
112
71
181
192
138
14
36
37
150
167
116
117
95
36
97
129
117
115
62
70
144
163
185
89
73
83
65
71
89
98
56
84
66
104
83
104
75
151
53
65
144
86
117
67
94
129
165
121
181
122
155
131
100
129
96
88
56
90
144
107
27
136
93
71
183
93
106
145
92
66
104
100
125
134
112
13
84
105
109
195
175
115
35
48
106
160
99
93
30
55
152
53
103
114
26
122
103
108
83
148
105
75
126
94
90
49
53
15
170
71
174
40
81
113
79
134
112
166
99
158
143
74
136
26
50
99
37
113
100
153
89
131
111
86
110
49
60
93
54
89
9
93
77
79
158
139
73
135
99
85
158
46
128
111
91
56
105
99
54
113
165
177
161
126
73
144
103
98
111
148
55
174
32
78
99
116
136
74
16
118
108
160
79
173
27
192
94
132
181
88
133
121
125
79
54
176
32
115
82
180
127
175
152
85
75
146
73
112
68
127
93
104
184
65
183
126
112
109
114
173
97
94
89
123
65
112
98
124
134
93
173
108
45
107
143
57
111
61
160
23
110
84
141
161
140
151
150
76
163
173
72
99
165
99
104
116
122
87
153
136
112
54
49
92
46
115
84
193
80
22
98
31
142
79
113
77
134
76
100
59
92
93
46
89
90
23
123
114
124
51
18
150
53
61
43
9
98
123
32
92
93
165
92
143
96
100
96
70
91
100
128
106
99
127
97
109
110
108
141
137
103
165
113
96
84
154
95
96
100
83
156
153
86
124
75
75
175
42
85
183
172
39
89
143
102
115
77
51
108
142
78
123
109
100
117
180
140
138
159
99
130
9
92
74
81
61
142
82
65
77
98
146
68
86
167
100
174
102
58
120
118
128
70
40
0
136
94
63
110
72
49
50
102
146
107
132
182
34
75
110
132
144
103
101
132
112
53
120
84
12
10
